%YAML:1.0
---
K: !!opencv-matrix
   rows: 3
   cols: 3
   dt: d
   data: [ 4.6268606849398321e+02, 0., 3.1497954444834789e+02, 0.,
       4.6272665360420149e+02, 1.8753008192745381e+02, 0., 0., 1. ]
D: !!opencv-matrix
   rows: 1
   cols: 5
   dt: d
   data: [ 1.1718157319914030e-01, -2.0933256634964059e-01,
       -1.5953293548610595e-03, -1.9977292606402075e-03,
       1.6010897312608734e-02 ]
board_width: 9
board_height: 6
square_size: 2.4229999631643295e-02
